#//                 az       alt    daz      dalt    vmag    count  cx      cy    xoa      yoa     name
#//w.Write("{11} {0,7:F3} {1,7:F3} {2,7:F3} {3,7:F3} {4,5:F1} {5,7:F1} {6,7:F3} {7,7:F3} {8,7:F3} {9,7:F3} {10}\r\n", az, alt, daz, dalt, vmag, count,cx, cy, xoa, yoa, name, DateTime.Now.ToString());
#         1         2         3         4         5         6         7         8         9         0
#12345678901234567890123456789012345678901234567890123456789012345678901234567890123456789012345678901234567890
2015/11/30 19:08:03 -30.000 -30.000   2.000   0.000   0.1    12.0  79.500  57.500 320.000 240.000 init
2015/11/30 19:08:03 390.000 -30.000   0.900   2.800   0.1    12.0  79.500  57.500 320.000 240.000 init
2015/11/30 19:08:03 -30.000 120.000   7.000  -0.200   0.1    12.0  79.500  57.500 320.000 240.000 init
2015/11/30 19:08:03 390.000 120.000 -12.000   0.800   0.1    12.0  79.500  57.500 320.000 240.000 init
#
2015/11/30 19:08:03 232.893  31.077  -0.190   1.394   0.1    12.0  79.500  57.500 320.000 240.000 Vega
2015/11/30 19:08:16 267.540  26.137  -0.455   1.838   0.8     7.0   7.286 301.000 320.000 240.000 Vega
2015/11/30 20:20:08 236.970  43.173  -0.488   1.095   0.1     8.0 531.375 229.250 320.000 240.000 Vega
2015/11/30 20:20:12 278.586  40.845  -1.205   1.571   0.8    19.0 488.789 163.000 320.000 240.000 Vega
2015/11/30 20:20:18 274.924  19.685   0.145   2.206   0.9    39.0 327.615 152.359 320.000 240.000 Vega
2015/11/30 20:20:24 294.538  18.164   0.047   2.593   0.1     7.0 310.143 196.429 320.000 240.000 Vega
2015/11/30 20:20:40 242.291   9.252   0.729   1.958   1.1     2.0 322.500 105.000 320.000 240.000 Vega
2015/11/30 20:56:21 238.064  49.422  -0.844   0.891   0.1     5.0 556.600 267.200 320.000 240.000 Vega
2015/11/30 20:56:24 285.353  48.085  -1.912   1.413   0.8     4.0 533.500 173.500 320.000 240.000 Vega
2015/11/30 20:56:30 280.616  27.017  -0.248   2.043   0.9    21.0 372.762 146.714 320.000 240.000 Vega
2015/11/30 20:56:33 301.157  24.709  -0.289   2.511   0.1     5.0 342.600 183.800 320.000 240.000 Vega
2015/11/30 20:56:58 292.941   2.955   1.035   3.208  -1.5     4.0 221.750 300.000 320.000 240.000 Sirius
2015/11/30 20:57:01 292.668   2.497   0.835   2.747   0.1     2.0 225.000 245.500 320.000 240.000 Vega
2015/11/30 21:22:46 238.288  54.015  -1.204   0.737   0.1    16.0 571.625 302.750 320.000 240.000 Vega
2015/11/30 21:22:49 291.260  53.214  -2.618   1.283   0.8    14.0 568.429 177.929 320.000 240.000 Vega
2015/11/30 21:22:52 285.138  32.283  -0.585   1.928   0.9    27.0 406.630 144.556 320.000 240.000 Vega
2015/11/30 21:22:56 306.523  29.197  -0.601   2.461   0.1     4.0 369.500 174.500 320.000 240.000 Vega
2015/11/30 21:23:14 296.993   7.853   0.859   3.269  -1.5    10.0 242.000 298.200 320.000 240.000 Sirius
2015/11/30 21:23:17 296.700   7.406   0.626   2.815   0.1     8.0 249.375 243.250 320.000 240.000 Vega
2015/11/30 22:05:09 237.112  61.354  -1.824   0.502   0.1    12.0 582.917 362.833 320.000 240.000 Vega
2015/11/30 22:05:12 303.591  60.916  -4.073   1.173   0.8     6.0 611.167 173.833 320.000 240.000 Vega
2015/11/30 22:05:15 293.406  40.462  -1.239   1.769   0.9     7.0 459.286 143.000 320.000 240.000 Vega
2015/11/30 22:05:18 316.333  35.699  -1.065   2.415   0.1    10.0 401.700 160.300 320.000 240.000 Vega
2015/11/30 22:05:21 254.948  29.220  -0.016   1.567   1.1     6.0 430.333 129.167 320.000 240.000 Vega
2015/11/30 22:05:31 277.133  18.581   0.208   2.154   0.4     6.0 317.167 145.333 320.000 240.000 Vega
2015/11/30 22:05:34 304.055  15.317   0.550   3.187  -1.5    41.0 272.024 277.951 320.000 240.000 Sirius
2015/11/30 22:05:37 303.719  14.894   0.271   2.766   0.1    16.0 284.750 225.063 320.000 240.000 Vega
#2015/11/30 22:05:40  49.006   4.414   0.143   3.376   1.2  1248.0 283.141 263.736 320.000 240.000 Vega
2015/11/30 22:24:28 235.620  64.644  -2.153   0.407   0.1    21.0 580.429 392.905 320.000 240.000 Vega
2015/11/30 22:24:31 310.990  64.060  -4.942   1.170   0.8     8.0 625.625 163.625 320.000 240.000 Vega
2015/11/30 22:24:34 297.758  44.024  -1.600   1.712   0.9    24.0 482.083 142.125 320.000 240.000 Vega
2015/11/30 22:24:37 321.378  38.298  -1.300   2.437   0.1     4.0 415.500 155.500 320.000 240.000 Vega
2015/11/30 22:24:40 257.176  33.053  -0.242   1.457   1.1     2.0 456.500 139.000 320.000 240.000 Vega
2015/11/30 22:24:46 280.158  22.485   0.009   2.091   0.4     8.0 340.250 142.875 320.000 240.000 Vega
2015/11/30 22:24:53 307.561  18.520   0.435   3.154  -1.5    49.0 282.796 270.673 320.000 240.000 Sirius
2015/11/30 22:24:56 307.201  18.110   0.097   2.724   0.1    42.0 300.571 214.952 320.000 240.000 Vega
2015/11/30 22:24:59  51.936   1.368  -0.434  -0.058   1.2    12.0 557.500   0.667 320.000 240.000 Vega
2015/11/30 23:15:09 226.114  72.774  -3.027   0.246   0.1     6.0 535.500 474.500 320.000 240.000 Vega
2015/11/30 23:15:12 338.547  70.139  -7.346   1.442   0.8     3.0 616.333  95.667 320.000 240.000 Vega
2015/11/30 23:15:15 311.778  52.553  -2.715   1.618   0.9    11.0 530.000 130.000 320.000 240.000 Vega
2015/11/30 23:15:18 336.484  43.666  -1.779   2.528   0.1     5.0 431.000 139.000 320.000 240.000 Vega
2015/11/30 23:15:22 263.155  43.258  -0.892   1.160   1.1     4.0 520.500 167.500 320.000 240.000 Vega
2015/11/30 23:15:25 288.886  32.513  -0.659   1.876   0.4     4.0 408.500 135.500 320.000 240.000 Vega
2015/11/30 23:15:31 317.827  26.143   0.011   3.043  -1.5    61.0 320.656 244.869 320.000 240.000 Sirius
2015/11/30 23:15:34 317.390  25.782  -0.361   2.674   0.1    75.0 340.000 193.840 320.000 240.000 Vega
#
2015/12/01 00:13:22 270.891  55.101  -2.061   0.813   1.1     3.0 591.333 211.667 320.000 240.000 Vega
2015/12/01 00:13:28 301.263  43.267  -1.518   1.691   0.4     5.0 470.000 127.000 320.000 240.000 Vega
2015/12/01 00:13:31 331.799  33.001  -0.323   2.999  -1.5    23.0 346.043 225.522 320.000 240.000 Sirius
2015/12/01 00:13:34 331.258  32.723  -0.798   2.703   0.1    27.0 369.259 176.593 320.000 240.000 Vega
2015/12/01 00:13:40 259.764  19.982   0.302   1.834   1.2     2.0 357.000 114.500 320.000 240.000 Vega
2015/12/01 00:28:10 273.205  58.128  -2.502   0.715   1.1     5.0 610.000 223.800 320.000 240.000 Vega
2015/12/01 00:28:17 305.043  45.803  -1.859   1.662   0.4    18.0 489.111 125.111 320.000 240.000 Vega
2015/12/01 00:28:20 335.759  34.340  -0.393   3.007  -1.5    36.0 350.583 222.333 320.000 240.000 Sirius
2015/12/01 00:28:23 335.191  34.087  -0.926   2.738   0.1    55.0 377.255 172.545 320.000 240.000 Vega
2015/12/01 03:35:07 294.995  60.501  -3.278   0.877   1.2     2.0 604.500 164.000 320.000 240.000 Vega
#2015/12/01 03:35:10  22.717  57.778  -4.081   4.672   0.4     2.0 605.000 163.500 320.000 240.000 Vega
2015/12/01 03:35:19  60.338  45.433   3.111   0.285   0.9     8.0   0.375  27.000 320.000 240.000 Vega
2015/12/01 03:35:35 255.983  13.113   0.569   2.064   0.1     4.0 312.500 121.500 320.000 240.000 Vega
2015/12/01 23:55:34  10.775  71.004   5.064  -0.291   0.8    13.0 143.077 190.154 320.000 240.000 Vega
2015/12/01 23:55:37 328.319  58.389  -4.374   1.676   0.9    20.0 557.900 430.950 320.000 240.000 Vega
2015/12/01 23:55:40 268.896  52.279  -2.050   0.829   1.1     8.0 325.875 402.875 320.000 240.000 Vega
2015/12/01 23:55:43 351.610  46.163  -2.202   2.673   0.1     5.0 619.400 387.800 320.000 240.000 Vega
2015/12/01 23:55:47 298.002  40.814  -1.489   1.651   0.4     3.0 396.667 443.333 320.000 240.000 Vega
2015/12/01 23:55:50 328.251  31.591   0.235   1.974  -1.5     5.0 397.600 442.200 320.000 240.000 Sirius
2015/12/01 23:55:53 327.735  31.290  -0.862   2.606   0.1    58.0 516.828 460.086 320.000 240.000 Vega
#2015/12/03 22:13:09 307.643  18.591   2.165  -0.857  -1.5     2.0 567.500 134.000 320.000 240.000 Sirius
2015/12/03 22:13:54 235.498  64.851  -2.676   0.378   0.1    13.0 310.308 364.692 320.000 240.000 Vega
2015/12/03 22:13:57 311.510  64.248  -5.710   1.144   0.8     6.0 531.833 417.833 320.000 240.000 Vega
2015/12/03 22:14:00 298.050  44.245  -1.858   1.630   0.9    28.0 421.893 399.679 320.000 240.000 Vega
2015/12/03 22:14:03 321.711  38.454  -1.496   2.362   0.1     7.0 488.000 410.286 320.000 240.000 Vega
2015/12/03 22:14:06 257.318  33.297  -0.414   1.365   1.1     2.0 278.000 332.500 320.000 240.000 Vega
2015/12/03 22:14:12 280.354  22.732  -0.137   1.976   0.4    11.0 298.818 400.273 320.000 240.000 Vega
2015/12/03 22:14:22 307.429  18.310  -0.028   2.618   0.1    47.0 398.447 457.447 320.000 240.000 Vega
#2015/12/03 22:14:25  52.117   1.170   3.172   0.187   1.2   556.0  62.658   5.676 320.000 240.000 Vega
2015/12/04 00:36:20 276.725  62.202  -3.755   0.571   1.1     2.0 417.000 404.500 320.000 240.000 Vega
2015/12/04 00:36:23 351.728  61.825  -5.219   1.992   0.9     7.0 619.286 315.857 320.000 240.000 Vega
2015/12/04 00:36:26 310.678  49.033  -2.472   1.592   0.4     5.0 473.400 385.800 320.000 240.000 Vega
#2015/12/04 00:36:36 340.736  35.623   0.242   0.924   0.1   395.0 269.547 232.585 320.000 240.000 Vega
2015/12/04 00:36:39 264.395  27.031  -2.714   0.415   1.2    30.0 545.833 377.000 320.000 240.000 Vega
2015/12/04 00:36:45 353.605   1.427  -0.337   2.577   0.1    40.0 549.600 234.525 320.000 240.000 Vega
2015/12/04 01:02:16 282.373  67.441  -5.229   0.436   1.1     4.0 424.750 432.000 320.000 240.000 Vega
2015/12/04 01:02:19  52.524  62.679   5.070   0.318   0.8    10.0  95.700 358.800 320.000 240.000 Vega
2015/12/04 01:02:22   5.461  61.956   3.898  -0.440   0.9    11.0 159.636  92.455 320.000 240.000 Vega
2015/12/04 01:02:25 319.069  52.802  -3.160   1.606   0.4     7.0 512.143 399.857 320.000 240.000 Vega
2015/12/04 01:02:28  18.085  44.856   3.162  -0.184   0.1     8.0 122.250  85.000 320.000 240.000 Vega
2015/12/04 01:02:31 348.914  37.201  -0.638   2.937  -1.5    66.0 551.621 419.439 320.000 240.000 Sirius
2015/12/04 01:02:35 348.275  37.043  -1.307   2.785   0.1    94.0 582.074 372.011 320.000 240.000 Vega
2015/12/05 01:42:39  27.390  59.373   3.992  -0.011   0.9    10.0  98.200 232.900 320.000 240.000 Vega
2015/12/05 01:42:42 336.549  57.645  -4.221   1.773   0.4    15.0 582.600 402.267 320.000 240.000 Vega
2015/12/05 01:42:45  66.532  54.869   4.600   0.546   0.8     7.0 112.714 447.143 320.000 240.000 Vega
2015/12/05 01:42:48 274.541  41.365  -1.124   1.240   1.2     6.0 310.833 402.833 320.000 240.000 Vega
2015/12/05 01:42:58   1.614  37.843   2.854  -0.555   0.1     7.0 206.429  12.857 320.000 240.000 Vega
2015/12/05 02:09:16 348.911  59.269  -4.216   1.990   0.4    15.0 543.467 166.867 320.000 240.000 Vega
2015/12/05 02:09:19  38.555  56.399   3.574   0.108   0.9    56.0  76.804  59.589 320.000 240.000 Vega
#2015/12/05 02:09:35  10.331  37.298  -2.860   1.840  -1.5     2.0 513.000 397.500 320.000 240.000 Sirius
2015/12/06 01:00:53 321.300  53.624  -2.934   1.666   0.4     4.0 521.500 106.500 320.000 240.000 Vega
2015/12/06 01:00:59 350.789  37.428  -0.438   3.087  -1.5    89.0 354.180 220.910 320.000 240.000 Sirius
2015/12/06 01:01:02 350.143  37.284  -1.029   2.921   0.1    27.0 380.000 173.185 320.000 240.000 Vega
2015/12/06 01:43:41   3.840  37.842   3.613  -0.516  -1.5    54.0 326.519 162.926 320.000 240.000 Sirius
2015/12/06 01:44:15  29.872  58.826   4.003   0.022   0.9    18.0 263.389 241.556 320.000 240.000 Vega
2015/12/06 01:44:21  67.956  53.818   4.527   0.581   0.8     6.0 271.500 346.000 320.000 240.000 Vega
2015/12/06 01:44:28  33.778  40.385   3.084   0.097   0.1     3.0 310.333 248.333 320.000 240.000 Vega
2015/12/06 01:44:31   3.980  37.835   3.571  -0.500  -1.5    14.0 327.500 166.714 320.000 240.000 Sirius
2015/12/06 01:44:34   3.308  37.794   2.903  -0.529   0.1    16.0 369.125 208.375 320.000 240.000 Vega
#
2015/12/08 23:42:38 332.036  33.088  -0.286   3.051  -1.5    56.0 300.518 285.500 320.000 240.000 Sirius
2015/12/08 23:44:01 190.279  79.086  -4.196   0.563   0.1    15.0 275.133 216.000 320.000 240.000 Vega
2015/12/08 23:44:03  22.045  70.072   4.913  -0.101   0.8     4.0 312.250 240.000 320.000 240.000 Vega
2015/12/08 23:44:05 335.514  59.938  -4.553   1.721   0.9     8.0 320.625 253.375 320.000 240.000 Vega
2015/12/08 23:44:07 271.234  55.567  -2.572   0.766   1.1     7.0 343.143 262.571 320.000 240.000 Vega
2015/12/08 23:44:09 357.372  46.479  -2.054   2.833   0.1     3.0 367.333 276.333 320.000 240.000 Vega
2015/12/08 23:44:11 301.825  43.664  -1.753   1.707   0.4    12.0 338.250 245.667 320.000 240.000 Vega
2015/12/08 23:44:14 332.398  33.219  -0.348   3.037  -1.5    48.0 304.938 281.479 320.000 240.000 Sirius
2015/12/08 23:44:16 331.853  32.944  -0.802   2.685   0.1    47.0 329.149 242.809 320.000 240.000 Vega
2015/12/09 00:24:26 271.413  67.297  -5.025   0.330   2.0     3.0 335.667 251.333 320.000 240.000 Vega
2015/12/09 00:24:28  44.850  65.468   4.992   0.207   0.8     9.0 319.556 248.889 320.000 240.000 Vega
2015/12/09 00:24:30 278.273  63.791  -4.408   0.522   1.1     6.0 334.333 253.833 320.000 240.000 Vega
2015/12/09 00:24:32 355.851  61.999  -4.894   2.172   0.9    12.0 383.250 224.333 320.000 240.000 Vega
2015/12/09 00:24:36 313.074  50.227  -2.652   1.600   0.4    20.0 322.550 246.600 320.000 240.000 Vega
2015/12/09 00:24:38  11.824  45.814   3.152  -0.230   0.1     6.0 331.167 261.167 320.000 240.000 Vega
2015/12/09 00:24:41 343.588  36.319  -0.592   2.980  -1.5    31.0 444.581 350.774 320.000 240.000 Sirius
2015/12/09 00:24:43 342.974  36.122  -1.211   2.774   0.1    23.0 497.652 311.565 320.000 240.000 Vega
2015/12/09 00:24:53 354.785   1.589   0.958   2.862   0.1    30.0 338.000 383.667 320.000 240.000 Vega
2015/12/09 00:44:26 274.914  71.379  -6.673   0.207   2.0     2.0 366.000 303.500 320.000 240.000 Vega
2015/12/09 00:44:28 282.843  67.811  -5.693   0.417   1.1     3.0 336.667 257.667 320.000 240.000 Vega
2015/12/09 00:44:30  53.233  62.376   4.903   0.405   0.8    14.0 328.429 246.214 320.000 240.000 Vega
2015/12/09 00:44:32   6.437  61.917   3.925  -0.416   0.9    20.0 316.550 240.150 320.000 240.000 Vega
2015/12/09 00:44:36 319.719  53.048  -3.152   1.670   0.4    13.0 316.769 247.462 320.000 240.000 Vega
2015/12/09 00:44:38  18.711  44.737   3.123  -0.141   0.1    50.0 292.100 207.800 320.000 240.000 Vega
2015/12/09 00:44:41 349.466  37.273  -0.513   3.095  -1.5    92.0 295.239 300.978 320.000 240.000 Sirius
2015/12/09 00:44:43 348.825  37.119  -1.105   2.924   0.1    57.0 325.246 265.193 320.000 240.000 Vega
2015/12/09 00:44:45 268.226  32.710  -0.511   1.490   1.2     2.0 153.000 226.500 320.000 240.000 Vega
2015/12/09 00:44:47 277.819  30.883  -0.435   1.671   1.4     3.0 323.333 222.333 320.000 240.000 Vega
2015/12/09 00:44:49 347.936  24.498   2.664   1.159   1.6     2.0  76.500 431.000 320.000 240.000 Vega
2015/12/09 01:04:24 279.544  75.436  -9.212   0.079   2.0     3.0 398.667 363.667 320.000 240.000 Vega
2015/12/09 01:04:28 288.771  71.746  -7.597   0.307   1.1     4.0 383.750 310.750 320.000 240.000 Vega
2015/12/09 01:04:32  60.134  58.957   4.602   0.490   0.8     8.0 330.375 241.375 320.000 240.000 Vega
2015/12/09 01:04:34  29.968  57.697   3.733   0.058   1.6     4.0 252.500 154.500 320.000 240.000 Vega
2015/12/09 01:04:36 327.190  55.486  -3.596   1.734   0.4     4.0 321.000 235.250 320.000 240.000 Vega
2015/12/09 01:04:38  25.273  43.204   3.104  -0.026   0.1     8.0 317.625 238.625 320.000 240.000 Vega
2015/12/09 01:04:40 355.485  37.808  -0.519   3.116  -1.5     8.0 307.250 351.250 320.000 240.000 Sirius
2015/12/09 01:04:43 354.824  37.700  -1.160   2.998   0.1    17.0 339.412 273.529 320.000 240.000 Vega
2015/12/09 01:04:45 271.112  36.798  -0.725   1.376   1.2     2.0 239.000 228.500 320.000 240.000 Vega
2015/12/09 01:24:26 297.102  75.516 -10.510   0.236   1.1     9.0 435.111 360.333 320.000 240.000 Vega
2015/12/09 01:24:30  26.315  59.591   3.699  -0.053   0.9    20.0 219.600  88.300 320.000 240.000 Vega
2015/12/09 01:24:32 335.511  57.449  -3.950   1.840   0.4     4.0 311.250 246.000 320.000 240.000 Vega
2015/12/09 01:24:36  65.909  55.312   4.420   0.578   0.8    10.0 331.000 241.800 320.000 240.000 Vega
2015/12/09 01:24:38  31.443  41.261   3.072   0.050   0.1     5.0 314.600 234.200 320.000 240.000 Vega
2015/12/09 01:24:43 284.749  38.901  -1.065   1.496   1.4     2.0 334.500 218.500 320.000 240.000 Vega
#2015/12/09 01:24:45   1.566  37.914   3.958  -0.635  -1.5   196.0 263.653 156.980 320.000 240.000 Sirius
#2015/12/09 01:24:47   0.895  37.853   3.866  -0.606   0.1   197.0 263.812 157.096 320.000 240.000 Vega
#2015/12/09 01:24:49 357.539  25.533   0.635   2.754   1.6   200.0 263.840 157.105 320.000 240.000 Vega
#2015/12/09 01:24:51  42.092  12.279   0.773   2.589   0.1   189.0 263.656 156.926 320.000 240.000 Vega
#2015/12/09 01:24:53   3.878   1.733  -0.113   1.890   0.1   197.0 263.558 157.076 320.000 240.000 Vega
2015/12/09 01:44:24 300.117  83.191 -22.783  -0.427   2.0     2.0 508.000 439.500 320.000 240.000 Vega
2015/12/09 01:44:26 309.988  78.937 -14.855   0.090   1.1     5.0 506.600 366.200 320.000 240.000 Vega
2015/12/09 01:44:30 344.605  58.846  -4.028   1.847   0.4     5.0 312.200 232.400 320.000 240.000 Vega
2015/12/09 01:44:32  34.973  57.504   4.037   0.241   0.9     9.0 305.333 260.000 320.000 240.000 Vega
2015/12/09 01:44:36  70.842  51.510   4.272   0.757   0.8    32.0 337.000 252.563 320.000 240.000 Vega
2015/12/09 01:44:43  37.192  38.954   3.090   0.257   0.1     4.0 303.750 224.000 320.000 240.000 Vega
2015/12/09 02:04:26 331.388  81.562 -20.819   0.206   1.1     6.0 579.500 312.000 320.000 240.000 Vega
2015/12/09 02:04:30 354.263  59.597  -4.187   1.980   0.4     7.0 338.000 211.714 320.000 240.000 Vega
2015/12/09 02:04:32  42.642  54.939   3.876   0.375   0.9    26.0 298.962 269.038 320.000 240.000 Vega
2015/12/09 02:04:36 281.060  48.986  -1.853   0.955   1.2     4.0 345.500 214.500 320.000 240.000 Vega
2015/12/09 02:04:38  75.148  47.600   3.990   0.815   0.8     7.0 342.571 255.714 320.000 240.000 Vega
2015/12/09 02:04:47  42.516  36.333   2.854   0.327   0.1    11.0 308.091 202.818 320.000 240.000 Vega
#2015/12/09 02:04:51  48.851   6.447  -0.010   5.607   0.1   939.0 191.821 463.999 320.000 240.000 Vega
2015/12/09 02:24:24  36.425  85.555  17.232  -0.178   2.0     2.0 194.500 291.000 320.000 240.000 Vega
2015/12/09 02:44:41  82.473  39.579   3.589   0.878   0.8    10.0 345.400 263.000 320.000 240.000 Vega
2015/12/09 02:44:48  51.984  30.322   2.671   0.414   0.1    19.0 276.105 133.000 320.000 240.000 Vega
2015/12/09 02:44:52 253.402   9.326   0.642   1.916   0.1     4.0 335.750 225.000 320.000 240.000 Vega
#2015/12/09 02:44:59  54.948   0.009   3.883  -0.886   0.1   147.0 307.197  82.272 320.000 240.000 Vega
2015/12/09 03:04:24  75.428  78.487  11.738   0.401   2.0     2.0 261.000 442.500 320.000 240.000 Vega
2015/12/09 03:04:26  52.844  78.357   9.181   0.276   1.1     6.0 224.500 340.000 320.000 240.000 Vega
2015/12/09 03:04:34 121.710  53.076   5.701   0.719   0.1    13.0 311.538 447.846 320.000 240.000 Vega
2015/12/09 03:04:36  60.535  45.291   3.460   0.649   0.9    16.0 302.313 283.188 320.000 240.000 Vega
2015/12/09 03:04:40  85.699  35.513   3.279   0.854   0.8     4.0 352.500 256.500 320.000 240.000 Vega
2015/12/09 03:04:43  29.580  32.400   2.571  -0.009   0.1    69.0 216.652  18.754 320.000 240.000 Vega
2015/12/09 03:04:47  56.198  27.010   2.556   0.397   0.1    11.0 244.545 171.455 320.000 240.000 Vega
2015/12/09 03:24:24  64.664  74.850   8.200   0.442   1.1     3.0 245.667 368.667 320.000 240.000 Vega
2015/12/09 03:24:26  81.704  74.477   9.324   0.524   2.0     3.0 277.333 439.333 320.000 240.000 Vega
2015/12/09 03:24:28 301.885  64.242  -4.964   0.599   1.2     2.0 350.500 211.000 320.000 240.000 Vega
2015/12/09 03:24:30 317.480  60.087  -4.260   1.036   1.4     3.0 308.667 198.333 320.000 240.000 Vega
2015/12/09 03:24:32  31.524  55.837   3.605   0.163   0.4    13.0 331.308 253.923 320.000 240.000 Vega
2015/12/09 03:24:34 121.917  49.600   5.116   0.760   0.1    19.0 297.053 400.421 320.000 240.000 Vega
2015/12/09 03:24:36  65.206  41.651   3.298   0.700   0.9    18.0 395.000 241.556 320.000 240.000 Vega
2015/12/09 03:24:41  88.733  31.429   3.086   0.811   0.8     6.0 350.167 253.667 320.000 240.000 Vega
2015/12/09 03:24:43  34.590  30.228   2.533   0.053   0.1    50.0 268.500  67.400 320.000 240.000 Vega
2015/12/09 03:24:45  35.164  30.031   3.093  -0.152  -1.5    75.0 244.880  40.147 320.000 240.000 Sirius
2015/12/09 03:24:47  60.119  23.536   2.518   0.443   0.1    17.0 436.529 262.824 320.000 240.000 Vega
2015/12/09 03:24:51 258.749  17.261   0.271   1.766   0.1    19.0 342.263 231.211 320.000 240.000 Vega
2015/12/09 03:24:53 291.592   9.601   0.494   2.284   1.0     5.0 324.600 170.200 320.000 240.000 Vega
2015/12/09 03:44:24  72.443  71.041   7.229   0.551   1.1     5.0 263.400 376.200 320.000 240.000 Vega
2015/12/09 03:44:30 326.274  62.615  -4.938   1.100   1.4     6.0 309.000 194.833 320.000 240.000 Vega
2015/12/09 03:44:32  39.133  53.470   3.569   0.294   0.4     7.0 314.000 259.714 320.000 240.000 Vega
2015/12/09 03:44:34 122.412  46.138   4.736   0.780   0.1    22.0 287.909 369.955 320.000 240.000 Vega
2015/12/09 03:44:36  69.421  37.879   3.180   0.700   0.9    21.0 389.810 242.571 320.000 240.000 Vega
2015/12/09 03:44:40  39.305  27.769   2.501   0.081   0.1    14.0 318.429  90.000 320.000 240.000 Vega
2015/12/09 03:44:43  39.849  27.541   3.015  -0.162  -1.5    27.0 280.926  46.333 320.000 240.000 Sirius
2015/12/09 03:44:45  91.628  27.340   2.925   0.767   0.8    18.0 344.833 252.278 320.000 240.000 Vega
2015/12/09 03:44:47 261.404  21.289   0.183   1.687   0.1     9.0 324.333 226.000 320.000 240.000 Vega
2015/12/09 03:44:49  63.788  19.927   2.474   0.404   0.1    20.0 423.700 257.400 320.000 240.000 Vega
2015/12/09 03:44:53 294.821  13.360   0.310   2.245   1.0     2.0 315.500 179.000 320.000 240.000 Vega
2015/12/09 04:44:24 349.762  73.935 -10.020   1.003   1.2     2.0 446.500 181.000 320.000 240.000 Vega
2015/12/09 05:24:24  23.234  72.980   5.727  -0.441   1.2     2.0 280.000 200.500 320.000 240.000 Vega
2015/12/09 05:24:28  92.093  50.814   4.633   0.629   1.1     3.0 280.667 280.333 320.000 240.000 Vega
2015/12/09 05:24:32 275.752  41.673  -0.701   1.347   0.1     9.0 289.000 226.000 320.000 240.000 Vega
2015/12/09 05:24:34  66.407  37.075   3.375   0.450   0.4     7.0 374.000 224.714 320.000 240.000 Vega
2015/12/09 05:24:36 314.150  30.237  -0.316   2.243   1.0     2.0 281.000 217.500 320.000 240.000 Vega
2015/12/09 05:24:38 127.879  29.354   3.793   0.567   0.1    16.0 244.375 363.750 320.000 240.000 Vega
2015/12/09 05:24:41  86.370  17.929   2.807   0.396   0.9    15.0 325.200 230.133 320.000 240.000 Vega
2015/12/09 05:24:43  58.885  12.274   2.527  -0.026   0.1    53.0 417.774 237.887 320.000 240.000 Vega
2015/12/09 05:24:45  59.306  11.936   2.897  -0.375  -1.5    19.0 387.053 186.947 320.000 240.000 Sirius
2015/12/09 05:24:49 105.344   7.168   2.432   0.237   0.8     7.0 294.000 207.571 320.000 240.000 Vega
#2015/12/09 05:24:51  47.897   5.774  -0.665   4.941   1.6   967.0 276.047 430.913 320.000 240.000 Vega
2015/12/09 05:24:55 224.174   4.354   0.986   2.184   0.1     4.0 254.500 244.500 320.000 240.000 Vega
#2015/12/09 05:24:57  79.618   0.547   4.198   0.898   0.1   110.0 126.973 252.273 320.000 240.000 Vega
2015/12/09 05:44:26  33.448  62.681   4.247  -0.116   1.4     2.0 330.000 220.500 320.000 240.000 Vega
2015/12/09 05:44:28  94.718  46.732   4.132   0.673   1.1     7.0 296.286 267.857 320.000 240.000 Vega
2015/12/09 05:44:32 279.162  45.727  -1.339   1.222   0.1    12.0 313.750 226.000 320.000 240.000 Vega
2015/12/09 05:44:34  70.371  33.273   3.055   0.479   0.4     6.0 385.500 225.000 320.000 240.000 Vega
2015/12/09 05:44:36 318.882  33.052  -0.698   2.208   1.0     3.0 300.333 203.333 320.000 240.000 Vega
2015/12/09 05:44:38 129.436  26.160   3.431   0.545   0.1     9.0 245.889 345.333 320.000 240.000 Vega
2015/12/09 05:44:40  89.317  13.843   2.506   0.325   0.9    10.0 333.900 220.900 320.000 240.000 Vega
2015/12/09 05:44:43  62.160   8.715   2.271  -0.098   0.1    38.0 424.211 232.289 320.000 240.000 Vega
2015/12/09 05:44:45  62.564   8.362   2.665  -0.461  -1.5    13.0 397.000 180.846 320.000 240.000 Sirius
2015/12/09 05:44:47 227.037   7.490   1.126   2.411   0.2     4.0 242.250 242.750 320.000 240.000 Vega
#2015/12/09 05:44:55  50.996   2.667   2.167   1.806   1.6  1090.0  61.389 149.250 320.000 240.000 Vega
2015/12/09 06:04:24  47.998  68.149   5.307   0.073   1.2     3.0 280.667 233.333 320.000 240.000 Vega
2015/12/09 06:04:26  42.282  60.167   4.151   0.059   1.4     3.0 329.667 225.000 320.000 240.000 Vega
2015/12/09 06:05:06 103.235  42.018   3.859   0.808   2.0     4.0 302.500 283.500 320.000 240.000 Vega
2015/12/09 06:07:01 229.264  10.310   2.811   2.047   0.1     3.0 166.000  92.333 320.000 240.000 Vega
2015/12/09 19:25:56 122.502  42.265   4.654   0.155   1.3     3.0 212.333 364.333 320.000 240.000 Vega
2015/12/09 19:25:58 236.122  39.965  -0.518   1.157   0.1    12.0 327.750 249.500 320.000 240.000 Vega
2015/12/09 19:26:00 275.476  37.029  -1.080   1.666   0.8     5.0 322.600 268.200 320.000 240.000 Vega
2015/12/09 19:26:07 124.990  18.512   2.988  -0.016   0.1     3.0 196.667 276.667 320.000 240.000 Vega
2015/12/09 19:26:09 125.124  18.204   3.127  -0.320   0.2    17.0 159.176 270.118 320.000 240.000 Vega
2015/12/09 19:26:11  89.047  17.094   2.700   0.245   0.6     3.0 323.333 211.333 320.000 240.000 Vega
2015/12/09 19:26:13 272.120  15.848   0.171   2.226   0.9     7.0 342.000 249.286 320.000 240.000 Vega
2015/12/09 19:26:17 291.368  14.623   0.248   2.611   0.1     5.0 329.800 230.600 320.000 240.000 Vega
2015/12/09 19:42:50 236.892  42.845  -0.693   1.076   0.1    16.0 328.313 253.063 320.000 240.000 Vega
2015/12/09 19:42:52 278.259  40.458  -1.368   1.601   0.8     7.0 333.714 256.000 320.000 240.000 Vega
2015/12/09 19:42:56 280.197  24.788  -0.235   2.152   1.6     2.0 333.000 251.500 320.000 240.000 Vega
2015/12/09 19:42:58 274.635  19.295   0.072   2.202   0.9    26.0 331.077 244.692 320.000 240.000 Vega
2015/12/09 19:43:04 294.208  17.807   0.091   2.607   0.1    11.0 323.455 237.091 320.000 240.000 Vega
2015/12/09 19:43:15 242.043   8.906   2.357   2.267   1.1    79.0 153.165 166.114 320.000 240.000 Vega
#2015/12/09 20:02:49 237.615  46.285   2.853  -1.049   0.1     3.0 640.333 385.667 320.000 240.000 Vega
2015/12/09 20:02:52 281.814  44.484  -1.772   1.509   0.8     3.0 335.333 255.667 320.000 240.000 Vega
2015/12/09 20:02:54 124.473  35.971   4.178   0.172   1.3     2.0 209.000 353.500 320.000 240.000 Vega
2015/12/09 20:02:58 277.709  23.360  -0.131   2.124   0.9     4.0 328.500 242.500 320.000 240.000 Vega
2015/12/09 20:03:08 244.597  12.559   0.476   1.917   1.1     7.0 331.714 251.000 320.000 240.000 Vega
2015/12/09 20:03:17 264.382   0.847  -1.874   2.748   0.4    23.0 568.130 405.783 320.000 240.000 Vega